# Fluid info (SI units)
FLUID_NAME= MDM
CRITICAL_TEMPERATURE= 564.090000000
CRITICAL_PRESSURE= 1410044.755816551
GAS_CONSTANT= 35.151653822
CV_DILUTE= 2034.794502653
CP_DILUTE= 2069.946161555
GAMMA_VALUE= 1.017275287
ACENTRIC_FACTOR= 0.528065849
