# Fluid info (SI units)
FLUID_NAME= MM
CRITICAL_TEMPERATURE= 518.750000000
CRITICAL_PRESSURE= 1939000.000000000
GAS_CONSTANT= 51.204575609
CV_DILUTE= 2006.073840764
CP_DILUTE= 2057.278402945
GAMMA_VALUE= 1.025524764
ACENTRIC_FACTOR= 0.418000000
